4 2 1
1 1 5 2 2
1 4 7 1 6

6 10 10
1 3 5 2 4
2 3 5 2 6
5 2 9 1 7
6 2 1 3 5
4 4 2 4 2
2 4 5 2 4
3 3 8 2 6
4 2 9 1 7
5 5 1 3 5
2 1 2 2 2

4 2 1
1 1 5 2 2
1 4 7 1 6

7 5 8
1 3 5 2 4
2 3 5 2 6
5 2 9 1 7
6 2 1 3 5
4 4 2 4 2

5 3 3
3 2 3 1 2
3 4 3 1 6
4 3 3 1 0
4

(오2)  (왼1)
a     b
1 0 0 1

->>>

   ab
0 0 2 0



6 5 10
2 3 10 1 4
3 1 10 2 2
3 4 10 1 6
4 3 10 1 0
6 6 10 3 7
16


6 5 5
2 3 10 1 4
3 1 10 2 2
3 4 10 1 6
4 3 10 1 0
6 6 10 3 7
32



6 5 16
2 3 10 1 4
3 1 10 2 2
3 4 10 1 6
4 3 10 1 0
6 6 10 3 7
0

6 5 10
2 3 10 1 4
3 1 10 2 2
3 4 10 1 6
4 3 10 1 0
6 6 1 2 7
9



