13 12
0 0 0 0 0 0 0 0 0 0 0 0
0 0 0 0 0 0 0 0 0 0 0 0
0 0 0 0 0 0 0 1 1 0 0 0
0 1 1 1 0 0 0 1 1 0 0 0
0 1 1 1 1 1 1 0 0 0 0 0
0 1 1 1 1 1 0 1 1 0 0 0
0 1 1 1 1 0 0 1 1 0 0 0
0 0 1 1 0 0 0 1 1 0 0 0
0 0 1 1 1 1 1 1 1 0 0 0
0 0 1 1 1 1 1 1 1 0 0 0
0 0 1 1 1 1 1 1 1 0 0 0
0 0 1 1 1 1 1 1 1 0 0 0
0 0 0 0 0 0 0 0 0 0 0 0



5 5
0 0 0 0 0
0 1 1 0 0
0 1 0 1 0
0 1 1 1 0
0 0 0 0 0

4 6
0 0 0 0 0 0
0 0 0 1 1 0
0 1 1 1 1 0
0 0 0 0 0 0

6 4
0 0 0 0
0 1 1 0
0 0 1 0
0 1 0 0
0 1 0 0
0 0 0 0

6 6
0 0 0 0 0 0
0 0 1 0 0 0
0 0 0 0 0 0
0 0 0 0 1 0
0 0 0 1 0 0
0 0 0 0 0 0

3 3
0 0 0
0 1 0
0 0 0

3 3
0 0 0
0 0 0
0 0 0

5 5 
0 0 0 0 0 
0 1 1 0 0
0 1 0 1 0
0 1 1 1 0
0 0 0 0 0



1. 외부공기체크
2. 치즈가 외부공기에 닿아있는지 체크